image_00000 272 177 285 194
image_00001 273 177 285 196
image_00002 272 175 285 194
image_00003 272 175 285 192
image_00004 273 174 287 195
image_00005 271 174 287 194
image_00006 271 173 288 194
image_00007 271 171 289 193
image_00008 270 170 290 195
image_00009 269 172 291 197
image_00010 269 172 290 196
image_00011 267 170 290 197
image_00012 266 171 292 197
image_00013 269 172 290 197
image_00014 272 169 290 196
image_00015 267 161 300 198
image_00016 267 163 299 198
image_00017 268 162 302 199
image_00018 264 163 302 200
image_00019 264 163 303 199
image_00020 265 163 303 199
image_00021 267 162 303 197
image_00022 266 163 305 199
image_00023 265 162 304 200
image_00024 265 163 304 199
image_00025 265 161 305 199
image_00026 264 162 305 201
image_00027 263 162 306 200
image_00028 263 163 306 200
image_00029 262 163 306 202
image_00030 263 162 305 201
image_00031 262 161 306 200
image_00032 263 162 307 201
image_00033 284 163 305 203
image_00034 284 163 305 202
image_00035 286 162 307 202
image_00036 285 163 306 202
image_00037 285 163 305 202
image_00038 284 164 307 202
image_00039 284 164 306 203
image_00040 283 164 306 202
image_00041 283 163 307 202
image_00042 282 161 308 203
image_00043 282 163 307 201
image_00044 279 159 307 201
image_00045 279 162 307 202
image_00046 280 161 307 201
image_00047 292 161 307 178
image_00048 294 162 308 176
image_00049 294 158 308 177
image_00050 300 160 307 172
image_00051 300 161 308 170
image_00052 301 163 306 171
image_00053 299 161 306 169
image_00054 301 161 307 168
image_00055 300 161 306 167
image_00056 301 161 305 167
image_00057 302 161 306 166
image_00058 301 161 306 166
image_00059 303 162 305 165
image_00060 303 161 306 167
image_00061 303 159 305 165
image_00062 301 162 306 168
image_00063 300 162 305 167
